0101100011100001111001010111110100111011011101111110110010101011 39 32.01
0111001111000101111011111101111111111101111111111011111111010101 50 45.5
1011111111111101111011111101111111011101111111111011011110010111 53 49.41
1011111111111111111101111111111111111101110111111011111111111110 58 53.6
1111011111111011111101111111111111111111111111111111111110011110 58 53.66
1111111111111101111111111111111111111111111111111111111110011110 60 55.8
1111011111111011111111101011111111111110111111111111111110111110 57 53.47
1111011111111111111111111011111111111111110111111111111110111110 59 55.42
1111011111111111111111111111111111111111110111111110111110111111 60 55.76
1111011111101110111111111111111111111111110111111111111110111111 59 56.33
1111011111011111111111111111111111101111110110111111111110111111 58 55.37
1111011111011111111111111101111111111111110111111111111111011111 59 55.59
1111011111111111111111111101111111111111110111111111111011110111 59 55.61
1111111111111111111111111101101111111111110111111111111110111111 60 57.18
1111111111111111111111111101111111111111110111111111111011111111 61 57.39
1111111011111111111111111101111111111111111111111111111111010111 60 56.99
1111111111111111111111111111111111111111111110101111111110111111 61 57.29
1111111111111111111111111111111111111111111110111111101111111111 62 58.42
1011111111111111111111111111111111111111111010111111111110111111 60 57.1
1011111111111111111111111111111111111111111110111111011111111111 61 56.59
1111111111111111111111111111111111111111111111111111111110111111 63 60.04
1111111111111111111111111111111111111111111110111111111110111111 62 58.83
1111111111111111111111111111111111111111111111111111111111111111 64 59.7
